3 43 34 34 34 34 34 3 4 77 
43 34 34 34 34 34 3 4 34 46 
34 34 34 34 34 3 4 34 3 86 
3 33 4 34 3 34 6 88 9 86 
55 5 34 5 53 4 53 4 53 34 
78 6 65 65 56 6 7 7 5 5 
67 56 7 8 9 9 6 7 54 77 
56 7 8 9 9 6 7 54 56 88 
9 8 73 4 5 45 5 7 56 88 
3 2 23 43 55 31 1 12 43 87 
2 23 43 55 31 1 12 43 4 86 
23 43 55 31 1 12 43 4 1 87 
8 7 6 2 4 2 4 3 41 223 
46 87 67 7 7 7 54 3 2 20 
3 43 34 34 34 34 34 3 4 77 
43 34 34 34 34 34 3 4 34 46 
34 34 34 34 34 3 4 34 3 86 
3 33 4 34 3 34 6 88 9 86 
55 5 34 5 53 4 53 4 53 34 
78 6 65 65 56 6 7 7 5 5 
67 56 7 8 9 9 6 7 54 77 
56 7 8 9 9 6 7 54 56 88 
9 8 73 4 5 45 5 7 56 88 
3 2 23 43 55 31 1 12 43 87 
2 23 43 55 31 1 12 43 4 86 
23 43 55 31 1 12 43 4 1 87 
8 7 6 2 4 2 4 3 41 223 
46 87 67 7 7 7 54 3 2 20 
3 43 34 34 34 34 34 3 4 77 
43 34 34 34 34 34 3 4 34 46 
34 34 34 34 34 3 4 34 3 86 
3 33 4 34 3 34 6 88 9 86 
55 5 34 5 53 4 53 4 53 34 
78 6 65 65 56 6 7 7 5 5 
67 56 7 8 9 9 6 7 54 77 
56 7 8 9 9 6 7 54 56 88 
9 8 73 4 5 45 5 7 56 88 
3 2 23 43 55 31 1 12 43 87 
2 23 43 55 31 1 12 43 4 86 
23 43 55 31 1 12 43 4 1 87 
8 7 6 2 4 2 4 3 41 223 
46 87 67 7 7 7 54 3 2 20 
3 43 34 34 34 34 34 3 4 77 
43 34 34 34 34 34 3 4 34 46 
34 34 34 34 34 3 4 34 3 86 
3 33 4 34 3 34 6 88 9 86 
55 5 34 5 53 4 53 4 53 34 
78 6 65 65 56 6 7 7 5 5 
67 56 7 8 9 9 6 7 54 77 
56 7 8 9 9 6 7 54 56 88 
9 8 73 4 5 45 5 7 56 88 
3 2 23 43 55 31 1 12 43 87 
2 23 43 55 31 1 12 43 4 86 
23 43 55 31 1 12 43 4 1 87 
8 7 6 2 4 2 4 3 41 223 
46 87 67 7 7 7 54 3 2 20 
3 43 34 34 34 34 34 3 4 77 
43 34 34 34 34 34 3 4 34 46 
34 34 34 34 34 3 4 34 3 86 
3 33 4 34 3 34 6 88 9 86 
55 5 34 5 53 4 53 4 53 34 
78 6 65 65 56 6 7 7 5 5 
67 56 7 8 9 9 6 7 54 77 
3 2 23 43 55 31 1 12 43 87 
23 43 55 31 1 12 43 4 1 87 
8 7 6 2 4 2 4 3 41 223 
